Open     High      Low  Close    Volume  Ex-Dividend  \
Date                                                                
2000-12-12  57.69  58.6900  57.6300  58.00   4004100        0.000   
2000-12-13  57.75  58.3100  57.2500  57.81   3704900        0.000   
2000-12-14  56.00  57.4400  55.7500  57.00   5023800        0.000   
2000-12-15  55.00  56.6900  53.5000  53.50  13770200        0.000   
2000-12-18  54.00  55.5600  53.6300  54.88   5152300        0.000   
2000-12-19  54.69  57.9400  54.6900  56.75   5844100        0.000   
2000-12-20  55.75  58.0000  55.5600  56.25   6672100        0.000   
2000-12-21  56.25  59.6300  56.1300  59.38   5965400        0.000   
2000-12-22  58.81  59.0000  57.5000  58.88   3741800        0.000   
2000-12-26  58.88  60.0000  58.6200  60.00   2835000        0.000   
2000-12-27  60.00  61.3800  60.0000  60.56   3855500        0.000   
2000-12-28  61.94  61.9400  60.5600  61.06   2760400        0.000   
2000-12-29  60.94  61.1300  60.1900  60.94   2485200        0.000   
2001-01-02  60.31  61.9400  60.2500  60.81   5303000        0.000   
2001-01-03  60.88  62.1900  59.0600  59.25   6234800        0.000   
2001-01-04  58.56  58.8800  56.7500  57.56   7385300        0.000   
2001-01-05  57.63  58.7500  57.5000  57.69   3980100        0.000   
2001-01-08  57.88  59.6900  57.8100  58.63   4764600        0.000   
2001-01-09  58.25  59.9400  57.6300  59.38   4258100        0.000   
2001-01-10  58.38  59.2500  57.8800  59.13   3981600        0.000   
2001-01-11  58.75  58.8800  57.1300  57.38   3454500        0.000   
2001-01-12  57.44  57.4400  56.2500  56.63   3606000        0.000   
2001-01-16  57.06  57.3100  56.1900  57.00   3581800        0.000   
2001-01-17  57.75  58.6900  57.0600  57.94   3825900        0.000   
2001-01-18  57.31  58.6900  56.9400  57.13   3507200        0.000   
2001-01-19  56.56  57.1300  55.3100  55.81   4912100        0.000   
2001-01-22  55.56  56.0600  55.1900  55.69   3437300        0.000   
2001-01-23  56.06  57.1900  55.4400  56.88   3853900        0.000   
2001-01-24  56.94  58.0600  56.1300  58.06   4594700        0.000   
2001-01-25  58.06  59.0000  57.8100  58.63   3743400        0.000   
...           ...      ...      ...    ...       ...          ...   
2014-10-31  41.83  41.8900  41.4000  41.88  18477684        0.000   
2014-11-03  41.79  42.2800  41.5900  41.81  13239536        0.000   
2014-11-04  41.77  42.0500  41.6600  41.82  10105328        0.000   
2014-11-05  42.30  42.5400  41.9900  42.31  20674861        0.000   
2014-11-06  42.43  42.6200  42.1100  42.29  11528207        0.000   
2014-11-07  42.45  42.4600  42.1400  42.32  11803792        0.000   
2014-11-10  42.25  42.5700  42.0900  42.39   9086086        0.000   
2014-11-11  42.38  42.7100  42.3600  42.51   8563691        0.000   
2014-11-12  42.51  42.8900  42.3100  42.71  12768269        0.000   
2014-11-13  42.65  43.0800  42.6299  42.79  12007696        0.000   
2014-11-14  42.70  42.9700  42.5000  42.73  10939478        0.000   
2014-11-17  42.75  42.9900  42.7300  42.92  10663996        0.000   
2014-11-18  42.95  43.8600  42.7500  43.53  26143194        0.000   
2014-11-19  43.67  44.4297  43.5600  44.22  25400726        0.000   
2014-11-20  43.96  44.4200  43.8500  44.25  13465246        0.000   
2014-11-21  44.58  44.7400  44.2800  44.50  14382572        0.000   
2014-11-24  44.51  44.7800  44.2000  44.27  12890423        0.000   
2014-11-25  44.27  44.5900  44.1200  44.43  10741655        0.000   
2014-11-26  43.99  44.3650  43.9700  44.29   9200463        0.305   
2014-11-28  44.15  45.0000  44.1500  44.83  10501972        0.000   
2014-12-01  44.18  44.7650  44.1300  44.55  10065657        0.000   
2014-12-02  44.37  44.6700  44.2300  44.54   9878097        0.000   
2014-12-03  44.42  44.4400  43.7600  43.80  15246481        0.000   
2014-12-04  43.62  43.8400  43.3700  43.50  13804776        0.000   
2014-12-05  43.50  43.6100  43.2000  43.53  12536928        0.000   
2014-12-08  43.51  43.6300  43.0900  43.14  12805439        0.000   
2014-12-09  42.15  42.5310  41.6700  42.04  25684146        0.000   
2014-12-10  42.04  42.2400  41.5600  41.60  18323855        0.000   
2014-12-11  41.62  42.0100  41.5000  41.53  16201423        0.000   
2014-12-12  41.39  41.6100  40.8700  40.91  18431431        0.000   

            Split Ratio  Adj. Open  Adj. High   Adj. Low  Adj. Close  \
Date                                                                   
2000-12-12            1  19.409104  19.745542  19.388918   19.513400   
2000-12-13            1  19.429291  19.617696  19.261072   19.449477   
2000-12-14            1  18.840524  19.324995  18.756415   19.176962   
2000-12-15            1  18.504086  19.072667  17.999430   17.999430   
2000-12-18            1  18.167649  18.692492  18.043166   18.463714   
2000-12-19            1  18.399791  19.493214  18.399791   19.092853   
2000-12-20            1  18.756415  19.513400  18.692492   18.924634   
2000-12-21            1  18.924634  20.061794  18.884261   19.977685   
2000-12-22            1  19.785915  19.849838  19.345181   19.809466   
2000-12-26            1  19.809466  20.186276  19.721992   20.186276   
2000-12-27            1  20.186276  20.650560  20.186276   20.374681   
2000-12-28            1  20.838966  20.838966  20.374681   20.542900   
2000-12-29            1  20.502528  20.566451  20.250199   20.502528   
2001-01-02            1  20.290572  20.838966  20.270386   20.458791   
2001-01-03            1  20.482342  20.923075  19.870024   19.933948   
2001-01-04            1  19.701805  19.809466  19.092853   19.365368   
2001-01-05            1  19.388918  19.765729  19.345181   19.409104   
2001-01-08            1  19.473028  20.081980  19.449477   19.725356   
2001-01-09            1  19.597510  20.166090  19.388918   19.977685   
2001-01-10            1  19.641247  19.933948  19.473028   19.893575   
2001-01-11            1  19.765729  19.809466  19.220699   19.304809   
2001-01-12            1  19.324995  19.324995  18.924634   19.052480   
2001-01-16            1  19.197149  19.281258  18.904448   19.176962   
2001-01-17            1  19.429291  19.745542  19.197149   19.493214   
2001-01-18            1  19.281258  19.745542  19.156776   19.220699   
2001-01-19            1  19.028930  19.220699  18.608382   18.776601   
2001-01-22            1  18.692492  18.860711  18.568010   18.736229   
2001-01-23            1  18.860711  19.240886  18.652119   19.136590   
2001-01-24            1  19.156776  19.533587  18.884261   19.533587   
2001-01-25            1  19.533587  19.849838  19.449477   19.725356   
...                 ...        ...        ...        ...         ...   
2014-10-31            1  39.905114  39.962353  39.494901   39.952813   
2014-11-03            1  39.866954  40.334406  39.676158   39.886034   
2014-11-04            1  39.847875  40.114990  39.742936   39.895574   
2014-11-05            1  40.353486  40.582442  40.057751   40.363025   
2014-11-06            1  40.477503  40.658760  40.172229   40.343946   
2014-11-07            1  40.496583  40.506123  40.200848   40.372565   
2014-11-10            1  40.305786  40.611061  40.153149   40.439344   
2014-11-11            1  40.429804  40.744619  40.410725   40.553822   
2014-11-12            1  40.553822  40.916336  40.363025   40.744619   
2014-11-13            1  40.687380  41.097592  40.668205   40.820937   
2014-11-14            1  40.735079  40.992654  40.544282   40.763698   
2014-11-17            1  40.782778  41.011734  40.763698   40.944955   
2014-11-18            1  40.973575  41.841699  40.782778   41.526885   
2014-11-19            1  41.660442  42.385183  41.555504   42.185133   
2014-11-20            1  41.937098  42.375930  41.832159   42.213753   
2014-11-21            1  42.528567  42.681204  42.242372   42.452248   
2014-11-24            1  42.461788  42.719364  42.166054   42.232832   
2014-11-25            1  42.232832  42.538107  42.089735   42.385470   
2014-11-26            1  42.254711  42.614918  42.235500   42.542877   
2014-11-28            1  42.408399  43.224869  42.408399   43.061575   
2014-12-01            1  42.437216  42.999139  42.389188   42.792621   
2014-12-02            1  42.619721  42.907887  42.485244   42.783015   
2014-12-03            1  42.667749  42.686960  42.033784   42.072206   
2014-12-04            1  41.899307  42.110628  41.659168   41.784040   
2014-12-05            1  41.784040  41.889701  41.495874   41.812857   
2014-12-08            1  41.793646  41.908912  41.390214   41.438241   
2014-12-09            1  40.487294  40.853265  40.026229   40.381633   
2014-12-10            1  40.381633  40.573744  39.920568   39.958990   
2014-12-11            1  39.978201  40.352817  39.862935   39.891752   
2014-12-12            1  39.757274  39.968596  39.257787   39.296209   

            Adj. Volume  
Date                     
2000-12-12      8008200  
2000-12-13      7409800  
2000-12-14     10047600  
2000-12-15     27540400  
2000-12-18     10304600  
2000-12-19     11688200  
2000-12-20     13344200  
2000-12-21     11930800  
2000-12-22      7483600  
2000-12-26      5670000  
2000-12-27      7711000  
2000-12-28      5520800  
2000-12-29      4970400  
2001-01-02     10606000  
2001-01-03     12469600  
2001-01-04     14770600  
2001-01-05      7960200  
2001-01-08      9529200  
2001-01-09      8516200  
2001-01-10      7963200  
2001-01-11      6909000  
2001-01-12      7212000  
2001-01-16      7163600  
2001-01-17      7651800  
2001-01-18      7014400  
2001-01-19      9824200  
2001-01-22      6874600  
2001-01-23      7707800  
2001-01-24      9189400  
2001-01-25      7486800  
...                 ...  
2014-10-31     18477684  
2014-11-03     13239536  
2014-11-04     10105328  
2014-11-05     20674861  
2014-11-06     11528207  
2014-11-07     11803792  
2014-11-10      9086086  
2014-11-11      8563691  
2014-11-12     12768269  
2014-11-13     12007696  
2014-11-14     10939478  
2014-11-17     10663996  
2014-11-18     26143194  
2014-11-19     25400726  
2014-11-20     13465246  
2014-11-21     14382572  
2014-11-24     12890423  
2014-11-25     10741655  
2014-11-26      9200463  
2014-11-28     10501972  
2014-12-01     10065657  
2014-12-02      9878097  
2014-12-03     15246481  
2014-12-04     13804776  
2014-12-05     12536928  
2014-12-08     12805439  
2014-12-09     25684146  
2014-12-10     18323855  
2014-12-11     16201423  
2014-12-12     18431431  

[3523 rows x 12 columns]